[
[1,"35ed5100-2a41-5c9c-8ded-cbbd9ce4a9cb",null,null,{"type": "MultiLineString","coordinates": [[[-77.169864848332139,-11.769355257124444,49.928001021966338],[-77.168074658343883,-11.769572087208678,54.702886370010674],[-77.166865306647352,-11.770219961358306,58.32426896225661],[-77.165726530090694,-11.771382817185769,60.340099116787314],[-77.165514693913622,-11.77199137883254,60.852120628580451],[-77.165490425555518,-11.772127648142041,60.98569995816797],[-77.165495563670191,-11.772249778568355,60.969896064139903],[-77.165515366294045,-11.772341427825317,60.906868829391897],[-77.165562409097959,-11.772484252257334,60.792874592356384],[-77.166074757421768,-11.773915488217414,60.738184778951108],[-77.166445110069219,-11.774413265998945,60.299004690721631],[-77.167314888260037,-11.775580913161361,49.928354527801275]]]},"LINEAR_DECORATIONS","f3aa5100-7491-4650-b82b-40befe6a5a48","PATH_RELATIONSHIPS","f1e4ba75-b4ae-471c-964b-5971436d7a1a","ROADS","33e7ac1a-0961-463f-a1e5-5b5b9db7587e"]
,
[2,"cdfd0d61-c000-59e3-9cd4-3ffe68cf759b",null,null,{"type": "LineString","coordinates": [[-77.169868867713788,-11.769387558700327,50.000000000931323],[-77.168084736338898,-11.76960307870212,54.774864809587598],[-77.166885311053974,-11.77024585689175,58.396199868060648],[-77.165754663794743,-11.771399866507274,60.411949153058231],[-77.165541534333968,-11.772019344365699,60.743571789003909],[-77.165522578880967,-11.772144462816248,60.772129151970148],[-77.165530410007364,-11.772258525039124,60.787647628225386],[-77.165574897031732,-11.772420660983734,60.793082979507744],[-77.166103962405771,-11.773900287421922,60.809847188182175],[-77.16638719483764,-11.774280515185806,60.771536152809858],[-77.166519522535239,-11.774458160341696,59.968474143184721],[-77.167341515845663,-11.775561657653457,49.999999326653779]]},"LINEAR_DECORATIONS","f3aa5100-7491-4650-b82b-40befe6a5a48","PATH_RELATIONSHIPS","f1e4ba75-b4ae-471c-964b-5971436d7a1a","CONSTRAINED_DEFINITIONS","a41a1a73-9a7d-4cd8-be9f-b4f7477db943"]
,
[7,"63adb200-189e-56ee-a3e0-e4d79226712f",null,null,{"type": "MultiLineString","coordinates": [[[-77.169872887096361,-11.769419860276081,49.928001021035016],[-77.168094814295912,-11.769634070200032,54.702845190651715],[-77.166905315397003,-11.770271752443243,58.324132483452559],[-77.165782797409406,-11.771416915871702,60.339800481684506],[-77.165578537662526,-11.772008090479092,60.623685629107058],[-77.165556330656685,-11.772132077088509,60.553190072998405],[-77.165560932043164,-11.772240396631032,60.602736501954496],[-77.16557914546182,-11.772324478395637,60.678253827616572],[-77.165624819199252,-11.772462921098347,60.72025060839951],[-77.166133167301595,-11.773885086725951,60.737510375678539],[-77.166498364989636,-11.774374755343485,60.298295542597771],[-77.167368143370553,-11.775542402283302,49.927644819952548]]]},"LINEAR_DECORATIONS","a323b808-9639-4a12-8ed0-606a1009fd64","PATH_RELATIONSHIPS","8cc9265f-c036-4740-87e3-873ce2d25c7b","ROADS","33e7ac1a-0961-463f-a1e5-5b5b9db7587e"]
,
[8,"8497015e-9031-568d-bfe2-66dcea13a200",null,null,{"type": "LineString","coordinates": [[-77.169868867713788,-11.769387558700327,50.000000000931323],[-77.168084736338898,-11.76960307870212,54.774864809587598],[-77.166885311053974,-11.77024585689175,58.396199868060648],[-77.165754663794743,-11.771399866507274,60.411949153058231],[-77.165541534333968,-11.772019344365699,60.743571789003909],[-77.165522578880967,-11.772144462816248,60.772129151970148],[-77.165530410007364,-11.772258525039124,60.787647628225386],[-77.165574897031732,-11.772420660983734,60.793082979507744],[-77.166103962405771,-11.773900287421922,60.809847188182175],[-77.16638719483764,-11.774280515185806,60.771536152809858],[-77.166519522535239,-11.774458160341696,59.968474143184721],[-77.167341515845663,-11.775561657653457,49.999999326653779]]},"LINEAR_DECORATIONS","a323b808-9639-4a12-8ed0-606a1009fd64","PATH_RELATIONSHIPS","8cc9265f-c036-4740-87e3-873ce2d25c7b","CONSTRAINED_DEFINITIONS","a41a1a73-9a7d-4cd8-be9f-b4f7477db943"]
,
[9,"48dc6a3b-5193-5c17-aaef-8270a5290d19",null,null,{"type": "MultiLineString","coordinates": [[[-77.169872887096361,-11.769419860276081,49.928001021035016],[-77.168094814295912,-11.769634070200032,54.702845190651715],[-77.166905315397003,-11.770271752443243,58.324132483452559],[-77.165782797409406,-11.771416915871702,60.339800481684506],[-77.165578537662526,-11.772008090479092,60.623685629107058],[-77.165556330656685,-11.772132077088509,60.553190072998405],[-77.165560932043164,-11.772240396631032,60.602736501954496],[-77.16557914546182,-11.772324478395637,60.678253827616572],[-77.165624819199252,-11.772462921098347,60.72025060839951],[-77.166133167301595,-11.773885086725951,60.737510375678539],[-77.166498364989636,-11.774374755343485,60.298295542597771],[-77.167368143370553,-11.775542402283302,49.927644819952548]]]},"LINEAR_DECORATIONS","99cad546-cf5e-4a1a-af9f-f43d7ddf7916","PATH_RELATIONSHIPS","dc18edf7-0bd8-45e9-afd6-4b7e6d54f49a","ROADS","33e7ac1a-0961-463f-a1e5-5b5b9db7587e"]
,
[10,"6b00706e-aadc-59b6-a40b-5223f606a0c4",null,null,{"type": "LineString","coordinates": [[-77.169868867713788,-11.769387558700327,50.000000000931323],[-77.168084736338898,-11.76960307870212,54.774864809587598],[-77.166885311053974,-11.77024585689175,58.396199868060648],[-77.165754663794743,-11.771399866507274,60.411949153058231],[-77.165541534333968,-11.772019344365699,60.743571789003909],[-77.165522578880967,-11.772144462816248,60.772129151970148],[-77.165530410007364,-11.772258525039124,60.787647628225386],[-77.165574897031732,-11.772420660983734,60.793082979507744],[-77.166103962405771,-11.773900287421922,60.809847188182175],[-77.16638719483764,-11.774280515185806,60.771536152809858],[-77.166519522535239,-11.774458160341696,59.968474143184721],[-77.167341515845663,-11.775561657653457,49.999999326653779]]},"LINEAR_DECORATIONS","99cad546-cf5e-4a1a-af9f-f43d7ddf7916","PATH_RELATIONSHIPS","dc18edf7-0bd8-45e9-afd6-4b7e6d54f49a","CONSTRAINED_DEFINITIONS","a41a1a73-9a7d-4cd8-be9f-b4f7477db943"]
,
[11,"f1fc43da-bf5f-523b-98b6-eb7c7b48ea91",null,null,{"type": "MultiLineString","coordinates": [[[-77.169872887096361,-11.769419860276081,49.928001021035016],[-77.168094814295912,-11.769634070200032,54.702845190651715],[-77.166905315397003,-11.770271752443243,58.324132483452559],[-77.165782797409406,-11.771416915871702,60.339800481684506],[-77.165578537662526,-11.772008090479092,60.623685629107058],[-77.165556330656685,-11.772132077088509,60.553190072998405],[-77.165560932043164,-11.772240396631032,60.602736501954496],[-77.16557914546182,-11.772324478395637,60.678253827616572],[-77.165624819199252,-11.772462921098347,60.72025060839951],[-77.166133167301595,-11.773885086725951,60.737510375678539],[-77.166498364989636,-11.774374755343485,60.298295542597771],[-77.167368143370553,-11.775542402283302,49.927644819952548]]]},"LINEAR_DECORATIONS","3d144fd5-1163-4bef-bd44-34426704a492","PATH_RELATIONSHIPS","cf91fdad-c227-4712-a257-7fc36e55f2a4","ROADS","33e7ac1a-0961-463f-a1e5-5b5b9db7587e"]
,
[12,"ff961609-32b0-55f3-a093-6d751b555d4c",null,null,{"type": "LineString","coordinates": [[-77.169868867713788,-11.769387558700327,50.000000000931323],[-77.168084736338898,-11.76960307870212,54.774864809587598],[-77.166885311053974,-11.77024585689175,58.396199868060648],[-77.165754663794743,-11.771399866507274,60.411949153058231],[-77.165541534333968,-11.772019344365699,60.743571789003909],[-77.165522578880967,-11.772144462816248,60.772129151970148],[-77.165530410007364,-11.772258525039124,60.787647628225386],[-77.165574897031732,-11.772420660983734,60.793082979507744],[-77.166103962405771,-11.773900287421922,60.809847188182175],[-77.16638719483764,-11.774280515185806,60.771536152809858],[-77.166519522535239,-11.774458160341696,59.968474143184721],[-77.167341515845663,-11.775561657653457,49.999999326653779]]},"LINEAR_DECORATIONS","3d144fd5-1163-4bef-bd44-34426704a492","PATH_RELATIONSHIPS","cf91fdad-c227-4712-a257-7fc36e55f2a4","CONSTRAINED_DEFINITIONS","a41a1a73-9a7d-4cd8-be9f-b4f7477db943"]
,
[13,"98dfc5e1-a219-5c0d-9165-30cd9f03de53",null,null,{"type": "MultiLineString","coordinates": [[[-77.169872887096361,-11.769419860276081,49.928001021035016],[-77.168094814295912,-11.769634070200032,54.702845190651715],[-77.166905315397003,-11.770271752443243,58.324132483452559],[-77.165782797409406,-11.771416915871702,60.339800481684506],[-77.165578537662526,-11.772008090479092,60.623685629107058],[-77.165556330656685,-11.772132077088509,60.553190072998405],[-77.165560932043164,-11.772240396631032,60.602736501954496],[-77.16557914546182,-11.772324478395637,60.678253827616572],[-77.165624819199252,-11.772462921098347,60.72025060839951],[-77.166133167301595,-11.773885086725951,60.737510375678539],[-77.166498364989636,-11.774374755343485,60.298295542597771],[-77.167368143370553,-11.775542402283302,49.927644819952548]]]},"LINEAR_DECORATIONS","23718bb2-cab2-46a6-be88-416d2af9ec11","PATH_RELATIONSHIPS","f431faac-4d83-45c0-bdc2-a4caddf76626","ROADS","33e7ac1a-0961-463f-a1e5-5b5b9db7587e"]
,
[14,"44d00c59-4140-5fbb-99dc-811fc8b276ff",null,null,{"type": "LineString","coordinates": [[-77.169868867713788,-11.769387558700327,50.000000000931323],[-77.168084736338898,-11.76960307870212,54.774864809587598],[-77.166885311053974,-11.77024585689175,58.396199868060648],[-77.165754663794743,-11.771399866507274,60.411949153058231],[-77.165541534333968,-11.772019344365699,60.743571789003909],[-77.165522578880967,-11.772144462816248,60.772129151970148],[-77.165530410007364,-11.772258525039124,60.787647628225386],[-77.165574897031732,-11.772420660983734,60.793082979507744],[-77.166103962405771,-11.773900287421922,60.809847188182175],[-77.16638719483764,-11.774280515185806,60.771536152809858],[-77.166519522535239,-11.774458160341696,59.968474143184721],[-77.167341515845663,-11.775561657653457,49.999999326653779]]},"LINEAR_DECORATIONS","23718bb2-cab2-46a6-be88-416d2af9ec11","PATH_RELATIONSHIPS","f431faac-4d83-45c0-bdc2-a4caddf76626","CONSTRAINED_DEFINITIONS","a41a1a73-9a7d-4cd8-be9f-b4f7477db943"]
,
[15,"30aed40d-a223-529c-a8f3-0f6c77aeff2e",null,null,{"type": "MultiLineString","coordinates": [[[-77.169872887096361,-11.769419860276081,49.928001021035016],[-77.168094814295912,-11.769634070200032,54.702845190651715],[-77.166905315397003,-11.770271752443243,58.324132483452559],[-77.165782797409406,-11.771416915871702,60.339800481684506],[-77.165578537662526,-11.772008090479092,60.623685629107058],[-77.165556330656685,-11.772132077088509,60.553190072998405],[-77.165560932043164,-11.772240396631032,60.602736501954496],[-77.16557914546182,-11.772324478395637,60.678253827616572],[-77.165624819199252,-11.772462921098347,60.72025060839951],[-77.166133167301595,-11.773885086725951,60.737510375678539],[-77.166498364989636,-11.774374755343485,60.298295542597771],[-77.167368143370553,-11.775542402283302,49.927644819952548]]]},"LINEAR_DECORATIONS","ffbc4690-bda1-41ab-adc5-8099857869c2","PATH_RELATIONSHIPS","74976999-1e8e-4645-891f-49895e5e17a1","ROADS","33e7ac1a-0961-463f-a1e5-5b5b9db7587e"]
,
[16,"9de2fc13-2b48-5725-81d7-362ed3c5b4f7",null,null,{"type": "LineString","coordinates": [[-77.169868867713788,-11.769387558700327,50.000000000931323],[-77.168084736338898,-11.76960307870212,54.774864809587598],[-77.166885311053974,-11.77024585689175,58.396199868060648],[-77.165754663794743,-11.771399866507274,60.411949153058231],[-77.165541534333968,-11.772019344365699,60.743571789003909],[-77.165522578880967,-11.772144462816248,60.772129151970148],[-77.165530410007364,-11.772258525039124,60.787647628225386],[-77.165574897031732,-11.772420660983734,60.793082979507744],[-77.166103962405771,-11.773900287421922,60.809847188182175],[-77.16638719483764,-11.774280515185806,60.771536152809858],[-77.166519522535239,-11.774458160341696,59.968474143184721],[-77.167341515845663,-11.775561657653457,49.999999326653779]]},"LINEAR_DECORATIONS","ffbc4690-bda1-41ab-adc5-8099857869c2","PATH_RELATIONSHIPS","74976999-1e8e-4645-891f-49895e5e17a1","CONSTRAINED_DEFINITIONS","a41a1a73-9a7d-4cd8-be9f-b4f7477db943"]
,
[17,"b4c3174e-67a4-5861-b798-1bee4368674d",null,null,{"type": "MultiLineString","coordinates": [[[-77.169872887096361,-11.769419860276081,49.928001021035016],[-77.168094814295912,-11.769634070200032,54.702845190651715],[-77.166905315397003,-11.770271752443243,58.324132483452559],[-77.165782797409406,-11.771416915871702,60.339800481684506],[-77.165578537662526,-11.772008090479092,60.623685629107058],[-77.165556330656685,-11.772132077088509,60.553190072998405],[-77.165560932043164,-11.772240396631032,60.602736501954496],[-77.16557914546182,-11.772324478395637,60.678253827616572],[-77.165624819199252,-11.772462921098347,60.72025060839951],[-77.166133167301595,-11.773885086725951,60.737510375678539],[-77.166498364989636,-11.774374755343485,60.298295542597771],[-77.167368143370553,-11.775542402283302,49.927644819952548]]]},"LINEAR_DECORATIONS","4e5bb0fd-b962-4a1b-a326-957e909016db","PATH_RELATIONSHIPS","b91f0454-ba51-4e89-affd-1c7d33513f9c","ROADS","33e7ac1a-0961-463f-a1e5-5b5b9db7587e"]
,
[18,"c65f3542-aa0d-5183-a951-6f95ccef5dc9",null,null,{"type": "LineString","coordinates": [[-77.169868867713788,-11.769387558700327,50.000000000931323],[-77.168084736338898,-11.76960307870212,54.774864809587598],[-77.166885311053974,-11.77024585689175,58.396199868060648],[-77.165754663794743,-11.771399866507274,60.411949153058231],[-77.165541534333968,-11.772019344365699,60.743571789003909],[-77.165522578880967,-11.772144462816248,60.772129151970148],[-77.165530410007364,-11.772258525039124,60.787647628225386],[-77.165574897031732,-11.772420660983734,60.793082979507744],[-77.166103962405771,-11.773900287421922,60.809847188182175],[-77.16638719483764,-11.774280515185806,60.771536152809858],[-77.166519522535239,-11.774458160341696,59.968474143184721],[-77.167341515845663,-11.775561657653457,49.999999326653779]]},"LINEAR_DECORATIONS","4e5bb0fd-b962-4a1b-a326-957e909016db","PATH_RELATIONSHIPS","b91f0454-ba51-4e89-affd-1c7d33513f9c","CONSTRAINED_DEFINITIONS","a41a1a73-9a7d-4cd8-be9f-b4f7477db943"]
,
[19,"4c6a8d0f-3e8d-57db-84cc-a8a4de8b9ffd",null,null,{"type": "MultiLineString","coordinates": [[[-77.169872887096361,-11.769419860276081,49.928001021035016],[-77.168094814295912,-11.769634070200032,54.702845190651715],[-77.166905315397003,-11.770271752443243,58.324132483452559],[-77.165782797409406,-11.771416915871702,60.339800481684506],[-77.165578537662526,-11.772008090479092,60.623685629107058],[-77.165556330656685,-11.772132077088509,60.553190072998405],[-77.165560932043164,-11.772240396631032,60.602736501954496],[-77.16557914546182,-11.772324478395637,60.678253827616572],[-77.165624819199252,-11.772462921098347,60.72025060839951],[-77.166133167301595,-11.773885086725951,60.737510375678539],[-77.166498364989636,-11.774374755343485,60.298295542597771],[-77.167368143370553,-11.775542402283302,49.927644819952548]]]},"LINEAR_DECORATIONS","d3ff7887-a91f-4ada-a63a-38ed772ed34b","PATH_RELATIONSHIPS","d05b2804-9e8a-4313-9a9d-c5a50176d08e","ROADS","33e7ac1a-0961-463f-a1e5-5b5b9db7587e"]
,
[20,"3a681da8-1528-5af4-a8d9-d46ff92048fe",null,null,{"type": "LineString","coordinates": [[-77.169868867713788,-11.769387558700327,50.000000000931323],[-77.168084736338898,-11.76960307870212,54.774864809587598],[-77.166885311053974,-11.77024585689175,58.396199868060648],[-77.165754663794743,-11.771399866507274,60.411949153058231],[-77.165541534333968,-11.772019344365699,60.743571789003909],[-77.165522578880967,-11.772144462816248,60.772129151970148],[-77.165530410007364,-11.772258525039124,60.787647628225386],[-77.165574897031732,-11.772420660983734,60.793082979507744],[-77.166103962405771,-11.773900287421922,60.809847188182175],[-77.16638719483764,-11.774280515185806,60.771536152809858],[-77.166519522535239,-11.774458160341696,59.968474143184721],[-77.167341515845663,-11.775561657653457,49.999999326653779]]},"LINEAR_DECORATIONS","d3ff7887-a91f-4ada-a63a-38ed772ed34b","PATH_RELATIONSHIPS","d05b2804-9e8a-4313-9a9d-c5a50176d08e","CONSTRAINED_DEFINITIONS","a41a1a73-9a7d-4cd8-be9f-b4f7477db943"]
,
[21,"014928c2-08ff-533b-b13e-20f263fc7d8e",null,null,{"type": "MultiLineString","coordinates": [[[-77.169872887096361,-11.769419860276081,49.928001021035016],[-77.168094814295912,-11.769634070200032,54.702845190651715],[-77.166905315397003,-11.770271752443243,58.324132483452559],[-77.165782797409406,-11.771416915871702,60.339800481684506],[-77.165578537662526,-11.772008090479092,60.623685629107058],[-77.165556330656685,-11.772132077088509,60.553190072998405],[-77.165560932043164,-11.772240396631032,60.602736501954496],[-77.16557914546182,-11.772324478395637,60.678253827616572],[-77.165624819199252,-11.772462921098347,60.72025060839951],[-77.166133167301595,-11.773885086725951,60.737510375678539],[-77.166498364989636,-11.774374755343485,60.298295542597771],[-77.167368143370553,-11.775542402283302,49.927644819952548]]]},"LINEAR_DECORATIONS","be49fedb-b13f-4499-b93d-f735f10c3513","PATH_RELATIONSHIPS","ac4494a7-d7a3-4674-b0f7-efc3d04ffd86","ROADS","33e7ac1a-0961-463f-a1e5-5b5b9db7587e"]
,
[22,"bc3e7fda-1c69-5fb6-88e9-d2b2171e9fc3",null,null,{"type": "LineString","coordinates": [[-77.169868867713788,-11.769387558700327,50.000000000931323],[-77.168084736338898,-11.76960307870212,54.774864809587598],[-77.166885311053974,-11.77024585689175,58.396199868060648],[-77.165754663794743,-11.771399866507274,60.411949153058231],[-77.165541534333968,-11.772019344365699,60.743571789003909],[-77.165522578880967,-11.772144462816248,60.772129151970148],[-77.165530410007364,-11.772258525039124,60.787647628225386],[-77.165574897031732,-11.772420660983734,60.793082979507744],[-77.166103962405771,-11.773900287421922,60.809847188182175],[-77.16638719483764,-11.774280515185806,60.771536152809858],[-77.166519522535239,-11.774458160341696,59.968474143184721],[-77.167341515845663,-11.775561657653457,49.999999326653779]]},"LINEAR_DECORATIONS","be49fedb-b13f-4499-b93d-f735f10c3513","PATH_RELATIONSHIPS","ac4494a7-d7a3-4674-b0f7-efc3d04ffd86","CONSTRAINED_DEFINITIONS","a41a1a73-9a7d-4cd8-be9f-b4f7477db943"]
,
[23,"5185628c-c11a-5eb8-9d22-acb25626d58a",null,null,{"type": "MultiLineString","coordinates": [[[-77.169872887096361,-11.769419860276081,49.928001021035016],[-77.168094814295912,-11.769634070200032,54.702845190651715],[-77.166905315397003,-11.770271752443243,58.324132483452559],[-77.165782797409406,-11.771416915871702,60.339800481684506],[-77.165578537662526,-11.772008090479092,60.623685629107058],[-77.165556330656685,-11.772132077088509,60.553190072998405],[-77.165560932043164,-11.772240396631032,60.602736501954496],[-77.16557914546182,-11.772324478395637,60.678253827616572],[-77.165624819199252,-11.772462921098347,60.72025060839951],[-77.166133167301595,-11.773885086725951,60.737510375678539],[-77.166498364989636,-11.774374755343485,60.298295542597771],[-77.167368143370553,-11.775542402283302,49.927644819952548]]]},"LINEAR_DECORATIONS","db2fe0e0-edd7-4db9-a115-f365339a7690","PATH_RELATIONSHIPS","618f0e6b-6a33-47f5-8fc9-3866cb9aa2bd","ROADS","33e7ac1a-0961-463f-a1e5-5b5b9db7587e"]
,
[24,"ed123726-8573-5cf6-9b85-f2676d047ffb",null,null,{"type": "LineString","coordinates": [[-77.169868867713788,-11.769387558700327,50.000000000931323],[-77.168084736338898,-11.76960307870212,54.774864809587598],[-77.166885311053974,-11.77024585689175,58.396199868060648],[-77.165754663794743,-11.771399866507274,60.411949153058231],[-77.165541534333968,-11.772019344365699,60.743571789003909],[-77.165522578880967,-11.772144462816248,60.772129151970148],[-77.165530410007364,-11.772258525039124,60.787647628225386],[-77.165574897031732,-11.772420660983734,60.793082979507744],[-77.166103962405771,-11.773900287421922,60.809847188182175],[-77.16638719483764,-11.774280515185806,60.771536152809858],[-77.166519522535239,-11.774458160341696,59.968474143184721],[-77.167341515845663,-11.775561657653457,49.999999326653779]]},"LINEAR_DECORATIONS","db2fe0e0-edd7-4db9-a115-f365339a7690","PATH_RELATIONSHIPS","618f0e6b-6a33-47f5-8fc9-3866cb9aa2bd","CONSTRAINED_DEFINITIONS","a41a1a73-9a7d-4cd8-be9f-b4f7477db943"]
,
[27,"763034b5-aefa-52b2-8c9a-c164a72d519b",null,null,{"type": "MultiLineString","coordinates": [[[-77.169872887096361,-11.769419860276081,49.928001021035016],[-77.168094814295912,-11.769634070200032,54.702845190651715],[-77.166905315397003,-11.770271752443243,58.324132483452559],[-77.165782797409406,-11.771416915871702,60.339800481684506],[-77.165578537662526,-11.772008090479092,60.623685629107058],[-77.165556330656685,-11.772132077088509,60.553190072998405],[-77.165560932043164,-11.772240396631032,60.602736501954496],[-77.16557914546182,-11.772324478395637,60.678253827616572],[-77.165624819199252,-11.772462921098347,60.72025060839951],[-77.166133167301595,-11.773885086725951,60.737510375678539],[-77.166498364989636,-11.774374755343485,60.298295542597771],[-77.167368143370553,-11.775542402283302,49.927644819952548]]]},"LINEAR_DECORATIONS","2e254b2c-547e-4e88-9c65-c9941cd1ffdc","PATH_RELATIONSHIPS","ac6e240d-abdc-47db-abf9-311c3bc560e1","ROADS","33e7ac1a-0961-463f-a1e5-5b5b9db7587e"]
,
[28,"0ac68fc4-9064-5daf-9380-c87be71633b6",null,null,{"type": "LineString","coordinates": [[-77.169868867713788,-11.769387558700327,50.000000000931323],[-77.168084736338898,-11.76960307870212,54.774864809587598],[-77.166885311053974,-11.77024585689175,58.396199868060648],[-77.165754663794743,-11.771399866507274,60.411949153058231],[-77.165541534333968,-11.772019344365699,60.743571789003909],[-77.165522578880967,-11.772144462816248,60.772129151970148],[-77.165530410007364,-11.772258525039124,60.787647628225386],[-77.165574897031732,-11.772420660983734,60.793082979507744],[-77.166103962405771,-11.773900287421922,60.809847188182175],[-77.16638719483764,-11.774280515185806,60.771536152809858],[-77.166519522535239,-11.774458160341696,59.968474143184721],[-77.167341515845663,-11.775561657653457,49.999999326653779]]},"LINEAR_DECORATIONS","2e254b2c-547e-4e88-9c65-c9941cd1ffdc","PATH_RELATIONSHIPS","ac6e240d-abdc-47db-abf9-311c3bc560e1","CONSTRAINED_DEFINITIONS","a41a1a73-9a7d-4cd8-be9f-b4f7477db943"]
]